0 0
0.01 0.085163
0.02 0.16127
0.03 0.229183
0.04 0.289682
0.05 0.343472
0.06 0.391191
0.07 0.433418
0.08 0.470675
0.09 0.503434
0.1 0.532125
0.11 0.557134
0.12 0.578811
0.13 0.597474
0.14 0.613409
0.15 0.626877
0.16 0.638111
0.17 0.647324
0.18 0.654709
0.19 0.66044
0.2 0.664674
0.21 0.667553
0.22 0.669207
0.23 0.669752
0.24 0.669293
0.25 0.667926
0.26 0.665738
0.27 0.662807
0.28 0.659203
0.29 0.65499
0.3 0.650227
0.31 0.644965
0.32 0.639252
0.33 0.633132
0.34 0.626642
0.35 0.619819
0.36 0.612693
0.37 0.605293
0.38 0.597646
0.39 0.589776
0.4 0.581703
0.41 0.573446
0.42 0.565023
0.43 0.556451
0.44 0.547743
0.45 0.538911
0.46 0.529969
0.47 0.520926
0.48 0.511792
0.49 0.502576
0.5 0.493285
0.51 0.483926
0.52 0.474507
0.53 0.465032
0.54 0.455508
0.55 0.445938
0.56 0.436328
0.57 0.42668
0.58 0.416999
0.59 0.407287
0.6 0.397548
0.61 0.387785
0.62 0.377999
0.63 0.368192
0.64 0.358367
0.65 0.348526
0.66 0.33867
0.67 0.3288
0.68 0.318917
0.69 0.309024
0.7 0.29912
0.71 0.289207
0.72 0.279286
0.73 0.269358
0.74 0.259422
0.75 0.249481
0.76 0.239534
0.77 0.229582
0.78 0.219626
0.79 0.209665
0.8 0.199701
0.81 0.189733
0.82 0.179763
0.83 0.169789
0.84 0.159813
0.85 0.149835
0.86 0.139855
0.87 0.129873
0.88 0.119889
0.89 0.109904
0.9 0.0999175
0.91 0.0899296
0.92 0.0799407
0.93 0.0699508
0.94 0.05996
0.95 0.0499683
0.96 0.0399759
0.97 0.0299828
0.98 0.019989
0.99 0.00999477
1 5.88857e-18
