0.00437636 0.00874848 -0.0131121
0.00874848 0.0174631 -0.0261102
0.0131121 0.0261102 -0.038881
0.0174631 0.0346562 -0.0513136
0.0217972 0.0430682 -0.0632996
0.0261102 0.0513136 -0.0747349
0.0303979 0.0593604 -0.0855198
0.0346562 0.0671776 -0.0955607
0.038881 0.0747349 -0.10477
0.0430682 0.082003 -0.113068
0.0472137 0.0889539 -0.120382
0.0513136 0.0955607 -0.126648
0.0553638 0.101798 -0.131812
0.0593604 0.107641 -0.13583
0.0632996 0.113068 -0.138665
0.0671776 0.118057 -0.140294
0.0709906 0.12259 -0.140702
0.0747349 0.126648 -0.139886
0.0784069 0.130216 -0.137853
0.082003 0.133281 -0.13462
0.0855198 0.13583 -0.130216
0.0889539 0.137853 -0.124679
0.092302 0.139343 -0.118057
0.0955607 0.140294 -0.110408
0.098727 0.140702 -0.101798
0.101798 0.140566 -0.092302
0.10477 0.139886 -0.082003
0.107641 0.138665 -0.0709906
0.110408 0.136908 -0.0593604
0.113068 0.13462 -0.0472137
0.115618 0.131812 -0.0346562
0.118057 0.128494 -0.0217972
0.120382 0.124679 -0.00874848
0.12259 0.120382 0.00437636
0.124679 0.115618 0.0174631
0.126648 0.110408 0.0303979
0.128494 0.10477 0.0430682
0.130216 0.098727 0.0553638
0.131812 0.092302 0.0671776
0.133281 0.0855198 0.0784069
0.13462 0.0784069 0.0889539
0.13583 0.0709906 0.098727
0.136908 0.0632996 0.107641
0.137853 0.0553638 0.115618
0.138665 0.0472137 0.12259
0.139343 0.038881 0.128494
0.139886 0.0303979 0.133281
0.140294 0.0217972 0.136908
0.140566 0.0131121 0.139343
0.140702 0.00437636 0.140566
0.140702 -0.00437636 0.140566
0.140566 -0.0131121 0.139343
0.140294 -0.0217972 0.136908
0.139886 -0.0303979 0.133281
0.139343 -0.038881 0.128494
0.138665 -0.0472137 0.12259
0.137853 -0.0553638 0.115618
0.136908 -0.0632996 0.107641
0.13583 -0.0709906 0.098727
0.13462 -0.0784069 0.0889539
0.133281 -0.0855198 0.0784069
0.131812 -0.092302 0.0671776
0.130216 -0.098727 0.0553638
0.128494 -0.10477 0.0430682
0.126648 -0.110408 0.0303979
0.124679 -0.115618 0.0174631
0.12259 -0.120382 0.00437636
0.120382 -0.124679 -0.00874848
0.118057 -0.128494 -0.0217972
0.115618 -0.131812 -0.0346562
0.113068 -0.13462 -0.0472137
0.110408 -0.136908 -0.0593604
0.107641 -0.138665 -0.0709906
0.10477 -0.139886 -0.082003
0.101798 -0.140566 -0.092302
0.098727 -0.140702 -0.101798
0.0955607 -0.140294 -0.110408
0.092302 -0.139343 -0.118057
0.0889539 -0.137853 -0.124679
0.0855198 -0.13583 -0.130216
0.082003 -0.133281 -0.13462
0.0784069 -0.130216 -0.137853
0.0747349 -0.126648 -0.139886
0.0709906 -0.12259 -0.140702
0.0671776 -0.118057 -0.140294
0.0632996 -0.113068 -0.138665
0.0593604 -0.107641 -0.13583
0.0553638 -0.101798 -0.131812
0.0513136 -0.0955607 -0.126648
0.0472137 -0.0889539 -0.120382
0.0430682 -0.082003 -0.113068
0.038881 -0.0747349 -0.10477
0.0346562 -0.0671776 -0.0955607
0.0303979 -0.0593604 -0.0855198
0.0261102 -0.0513136 -0.0747349
0.0217972 -0.0430682 -0.0632996
0.0174631 -0.0346562 -0.0513136
0.0131121 -0.0261102 -0.038881
0.00874848 -0.0174631 -0.0261102
0.00437636 -0.00874848 -0.0131121
