7 40
8 74
9 98
10 131
11 166
12 215
13 230
14 294
15 323
16 401
17 444
18 517
19 577
20 664
21 721
22 803
23 874
24 969
25 1057
26 1146
27 1222
28 1336
29 1430
30 1559
31 1668
32 1791
33 1889
34 2049
35 2155
36 2307
37 2415
38 2601
39 2672
40 2873
41 3028
42 3129
43 3294
44 3481
45 3665
46 3811
47 3975
48 4201
49 4370
50 4522
51 4710
52 4906
53 5116
54 5312
55 5488
56 5743
57 5940
58 6135
59 6393
60 6599
61 6840
62 7098
63 7321
64 7522
65 7770
66 8056
67 8312
68 8557
69 8812
70 9120
71 9310
72 9682
73 9925
74 10182
75 10415
76 10736
77 10962
78 11350
79 11698
80 11926
81 12255
82 12532
83 12879
84 13181
85 13468
86 13860
87 14079
88 14406
89 14802
90 15254
91 15548
92 15862
93 16187
94 16488
95 16825
96 17282
97 17781
98 18016
99 18360
