0.4 0.5 40
0.4 0.511765 30
0.4 0.523529 22
0.4 0.535294 15
0.4 0.547059 5
0.4 0.558824 1
0.4 0.570588 0
0.4 0.582353 0
0.4 0.594118 0
0.4 0.605882 0
0.4 0.617647 0
0.4 0.629412 0
0.4 0.641176 0
0.4 0.652941 0
0.4 0.664706 0
0.4 0.676471 0
0.4 0.688235 46
0.4 0.7 59
0.4 0.711765 58
0.4 0.723529 61
0.4 0.735294 68
0.4 0.747059 69
0.4 0.758824 67
0.4 0.770588 71
0.4 0.782353 73
0.4 0.794118 68
0.4 0.805882 76
0.4 0.817647 77
0.4 0.829412 73
0.4 0.841176 68
0.4 0.852941 74
0.4 0.864706 76
0.4 0.876471 77
0.4 0.888235 86
0.4 0.9 75
