0.1 0.2 100
0.1 0.220354 100
0.1 0.240708 99
0.1 0.261062 100
0.1 0.281416 98
0.1 0.30177 100
0.1 0.322124 100
0.1 0.342478 100
0.1 0.362832 100
0.1 0.383186 100
0.1 0.40354 100
0.1 0.423894 100
0.1 0.444248 98
0.1 0.464602 99
0.1 0.484956 100
0.1 0.50531 100
0.1 0.525664 100
0.1 0.546018 100
0.1 0.566372 100
0.1 0.586726 100
0.1 0.60708 56
0.1 0.627434 13
0.1 0.647788 87
0.1 0.668142 97
0.1 0.688496 98
0.1 0.70885 100
0.1 0.729204 100
0.1 0.749558 100
0.1 0.769912 98
0.1 0.790265 100
0.1 0.810619 98
0.1 0.830973 100
0.1 0.851327 100
0.1 0.871681 100
0.1 0.892035 100
0.1 0.912389 99
0.1 0.932743 100
0.1 0.953097 99
0.1 0.973451 100
0.1 0.993805 100
0.1 1.01416 100
0.1 1.03451 100
0.1 1.05487 100
0.1 1.07522 99
0.1 1.09558 100
0.1 1.11593 100
0.1 1.13628 100
0.1 1.15664 99
0.1 1.17699 100
0.1 1.19735 100
0.1 1.2177 98
0.1 1.23805 100
0.1 1.25841 100
0.1 1.27876 99
0.1 1.29912 100
0.1 1.31947 100
0.1 1.33982 100
0.1 1.36018 99
0.1 1.38053 100
0.1 1.40088 100
0.1 1.42124 100
0.1 1.44159 100
0.1 1.46195 100
0.1 1.4823 100
0.1 1.50265 100
0.1 1.52301 100
0.1 1.54336 99
0.1 1.56372 99
0.1 1.58407 100
0.1 1.60442 100
0.1 1.62478 99
0.1 1.64513 100
0.1 1.66549 99
0.1 1.68584 100
0.1 1.70619 100
0.1 1.72655 100
0.1 1.7469 99
0.1 1.76726 99
0.1 1.78761 98
0.1 1.80796 100
0.1 1.82832 100
0.1 1.84867 100
0.1 1.86903 100
0.1 1.88938 100
0.1 1.90973 98
0.1 1.93009 100
0.1 1.95044 100
0.1 1.9708 100
0.1 1.99115 100
0.1 2.0115 100
0.1 2.03186 100
0.1 2.05221 100
0.1 2.07257 100
0.1 2.09292 100
0.1 2.11327 100
0.1 2.13363 100
0.1 2.15398 100
0.1 2.17434 99
0.1 2.19469 100
0.1 2.21504 100
0.1 2.2354 100
0.1 2.25575 100
0.1 2.27611 100
0.1 2.29646 100
0.1 2.31681 99
0.1 2.33717 100
0.1 2.35752 99
0.1 2.37788 99
0.1 2.39823 100
0.1 2.41858 99
0.1 2.43894 100
0.1 2.45929 100
0.1 2.47965 100
0.1 2.5 99
0.4 0.2 99
0.4 0.220354 100
0.4 0.240708 99
0.4 0.261062 100
0.4 0.281416 99
0.4 0.30177 21
0.4 0.322124 100
0.4 0.342478 100
0.4 0.362832 100
0.4 0.383186 100
0.4 0.40354 100
0.4 0.423894 100
0.4 0.444248 100
0.4 0.464602 99
0.4 0.484956 100
0.4 0.50531 100
0.4 0.525664 100
0.4 0.546018 100
0.4 0.566372 0
0.4 0.586726 0
0.4 0.60708 0
0.4 0.627434 0
0.4 0.647788 0
0.4 0.668142 0
0.4 0.688496 46
0.4 0.70885 90
0.4 0.729204 94
0.4 0.749558 95
0.4 0.769912 95
0.4 0.790265 95
0.4 0.810619 96
0.4 0.830973 99
0.4 0.851327 98
0.4 0.871681 98
0.4 0.892035 97
0.4 0.912389 98
0.4 0.932743 98
0.4 0.953097 100
0.4 0.973451 100
0.4 0.993805 98
0.4 1.01416 100
0.4 1.03451 100
0.4 1.05487 99
0.4 1.07522 100
0.4 1.09558 99
0.4 1.11593 99
0.4 1.13628 99
0.4 1.15664 100
0.4 1.17699 99
0.4 1.19735 100
0.4 1.2177 98
0.4 1.23805 99
0.4 1.25841 100
0.4 1.27876 100
0.4 1.29912 100
0.4 1.31947 100
0.4 1.33982 100
0.4 1.36018 100
0.4 1.38053 100
0.4 1.40088 100
0.4 1.42124 99
0.4 1.44159 100
0.4 1.46195 100
0.4 1.4823 100
0.4 1.50265 100
0.4 1.52301 100
0.4 1.54336 100
0.4 1.56372 100
0.4 1.58407 100
0.4 1.60442 97
0.4 1.62478 100
0.4 1.64513 100
0.4 1.66549 100
0.4 1.68584 100
0.4 1.70619 100
0.4 1.72655 99
0.4 1.7469 100
0.4 1.76726 100
0.4 1.78761 100
0.4 1.80796 99
0.4 1.82832 100
0.4 1.84867 100
0.4 1.86903 100
0.4 1.88938 99
0.4 1.90973 100
0.4 1.93009 100
0.4 1.95044 99
0.4 1.9708 100
0.4 1.99115 100
0.4 2.0115 100
0.4 2.03186 100
0.4 2.05221 99
0.4 2.07257 99
0.4 2.09292 100
0.4 2.11327 99
0.4 2.13363 100
0.4 2.15398 100
0.4 2.17434 100
0.4 2.19469 100
0.4 2.21504 100
0.4 2.2354 100
0.4 2.25575 100
0.4 2.27611 100
0.4 2.29646 100
0.4 2.31681 100
0.4 2.33717 100
0.4 2.35752 99
0.4 2.37788 100
0.4 2.39823 100
0.4 2.41858 100
0.4 2.43894 99
0.4 2.45929 100
0.4 2.47965 100
0.4 2.5 100
0.7 0.2 6
0.7 0.220354 98
0.7 0.240708 98
0.7 0.261062 95
0.7 0.281416 7
0.7 0.30177 0
0.7 0.322124 100
0.7 0.342478 100
0.7 0.362832 100
0.7 0.383186 100
0.7 0.40354 100
0.7 0.423894 100
0.7 0.444248 100
0.7 0.464602 100
0.7 0.484956 98
0.7 0.50531 89
0.7 0.525664 0
0.7 0.546018 0
0.7 0.566372 0
0.7 0.586726 0
0.7 0.60708 0
0.7 0.627434 0
0.7 0.647788 0
0.7 0.668142 0
0.7 0.688496 0
0.7 0.70885 0
0.7 0.729204 38
0.7 0.749558 70
0.7 0.769912 88
0.7 0.790265 90
0.7 0.810619 91
0.7 0.830973 97
0.7 0.851327 97
0.7 0.871681 96
0.7 0.892035 95
0.7 0.912389 95
0.7 0.932743 100
0.7 0.953097 99
0.7 0.973451 97
0.7 0.993805 99
0.7 1.01416 98
0.7 1.03451 99
0.7 1.05487 98
0.7 1.07522 100
0.7 1.09558 99
0.7 1.11593 100
0.7 1.13628 100
0.7 1.15664 99
0.7 1.17699 99
0.7 1.19735 98
0.7 1.2177 99
0.7 1.23805 100
0.7 1.25841 100
0.7 1.27876 99
0.7 1.29912 100
0.7 1.31947 100
0.7 1.33982 99
0.7 1.36018 100
0.7 1.38053 99
0.7 1.40088 98
0.7 1.42124 100
0.7 1.44159 100
0.7 1.46195 100
0.7 1.4823 99
0.7 1.50265 100
0.7 1.52301 99
0.7 1.54336 100
0.7 1.56372 100
0.7 1.58407 100
0.7 1.60442 97
0.7 1.62478 100
0.7 1.64513 100
0.7 1.66549 100
0.7 1.68584 100
0.7 1.70619 99
0.7 1.72655 99
0.7 1.7469 100
0.7 1.76726 100
0.7 1.78761 100
0.7 1.80796 100
0.7 1.82832 100
0.7 1.84867 100
0.7 1.86903 99
0.7 1.88938 99
0.7 1.90973 100
0.7 1.93009 98
0.7 1.95044 100
0.7 1.9708 99
0.7 1.99115 100
0.7 2.0115 99
0.7 2.03186 100
0.7 2.05221 99
0.7 2.07257 99
0.7 2.09292 100
0.7 2.11327 99
0.7 2.13363 100
0.7 2.15398 100
0.7 2.17434 100
0.7 2.19469 100
0.7 2.21504 100
0.7 2.2354 99
0.7 2.25575 99
0.7 2.27611 99
0.7 2.29646 100
0.7 2.31681 100
0.7 2.33717 99
0.7 2.35752 100
0.7 2.37788 99
0.7 2.39823 100
0.7 2.41858 100
0.7 2.43894 100
0.7 2.45929 100
0.7 2.47965 100
0.7 2.5 100
