0.4 0.5 100
0.4 0.511765 100
0.4 0.523529 99
0.4 0.535294 99
0.4 0.547059 96
0.4 0.558824 13
0.4 0.570588 0
0.4 0.582353 0
0.4 0.594118 0
0.4 0.605882 0
0.4 0.617647 0
0.4 0.629412 0
0.4 0.641176 0
0.4 0.652941 0
0.4 0.664706 0
0.4 0.676471 1
0.4 0.688235 50
0.4 0.7 74
0.4 0.711765 86
0.4 0.723529 88
0.4 0.735294 93
0.4 0.747059 96
0.4 0.758824 94
0.4 0.770588 95
0.4 0.782353 95
0.4 0.794118 98
0.4 0.805882 98
0.4 0.817647 100
0.4 0.829412 95
0.4 0.841176 100
0.4 0.852941 97
0.4 0.864706 99
0.4 0.876471 99
0.4 0.888235 99
0.4 0.9 100
